{
  "state": "DRIFTING",
  "time_since_state_change": 2.4,
  "calibration_progress": 1.0,
  "calibration_seconds": 10.0,
  "iaf": 10.0,
  "engagement": 0.343193499676729,
  "relaxation": 0.7439930071763577,
  "theta_baseline": 8.215532500070928,
  "paf": 10.0,
  "cog": 9.913374009940533,
  "complete": true
}